4358
5103
4882
2058
2846
4606
245
4743
2145
4962
2550
258
1066
3289
4477
4730
2971
632
4770
2218
4281
611
2489
5092
1978
2582
3960
4664
2980
4959
1088
650
2154
938
2931
2544
4111
4568
1092
616
3793
2214
3849
433
2566
3327
1083
4234
4608
4912
1099
1248
2416
1409
92
2693
2348
5147
1403
3660
73
3536
1455
2291
3852
3948
3092
2558
1408
3700
1701
71
3580
3682
902
3644
3972
2613
2436
478
60
273
4876
2943
799
4947
4434
1437
1067
3231
1060
112
2510
1154
2326
1367
2060
97
5074
2828
1133
3745
3235
4899
21
3212
1598
4625
4191
3999
633
5198
2777
4563
4502
1050
2227
3075
2994
5114
4699
759
3140
3429
4464
3509
911
213
